[gd_scene load_steps=4 format=3 uid="uid://bgdbo25slmw0t"]

[ext_resource type="PackedScene" uid="uid://cmsavaj1twqbs" path="res://Prefabs/Characters/Character.gltf" id="1_klpjr"]
[ext_resource type="Script" path="res://Scripts/character/Character.cs" id="2_nlm3c"]

[sub_resource type="AnimationRootNode" id="AnimationRootNode_nx5eo"]

[node name="Character" instance=ExtResource("1_klpjr")]
transform = Transform3D(0.01, 0, 0, 0, 0.01, 0, 0, 0, 0.01, 0, 0, 0)
script = ExtResource("2_nlm3c")

[node name="Node2" parent="." index="0"]
transform = Transform3D(1, 0, 0, 0, 1, 0, 0, 0, 1, 0, 0, 0)

[node name="Skeleton3D" parent="Node2" index="0"]
bones/0/position = Vector3(-0.184028, 85.2125, 221.697)
bones/0/rotation = Quaternion(0.161496, -0.0341103, 0.0338271, 0.985704)
bones/1/rotation = Quaternion(-0.0260741, 0.328719, 0.943906, -0.0174862)
bones/2/rotation = Quaternion(-0.527799, 0.00957619, 0.0212806, 0.849049)
bones/3/rotation = Quaternion(0.762767, -0.0254144, -0.102952, 0.637919)
bones/4/rotation = Quaternion(0.288527, 0.0573661, -0.0173208, 0.955595)
bones/5/rotation = Quaternion(-0.0243073, 0.0290552, -0.00542102, 0.999268)
bones/6/rotation = Quaternion(0.026958, 0.0201516, 0.00897049, 0.999393)
bones/7/rotation = Quaternion(0.0263293, 0.0203557, 0.00974973, 0.999399)
bones/8/rotation = Quaternion(-0.00125101, -0.00219702, 0.0117771, 0.999927)
bones/9/rotation = Quaternion(-0.0617103, -0.000598908, 0.0124644, 0.998016)
bones/10/rotation = Quaternion(0.642073, 0.349, -0.566463, 0.38087)
bones/11/rotation = Quaternion(0.316416, 0.207329, -0.0140165, 0.92558)
bones/12/rotation = Quaternion(0.0710718, -0.00223013, 0.595936, 0.799878)
bones/13/rotation = Quaternion(0.0144308, -0.103123, 0.12134, 0.987134)
bones/14/rotation = Quaternion(0.0719075, 0.0574767, 0.260741, 0.96101)
bones/15/rotation = Quaternion(-0.00737615, 0.017392, -0.177414, 0.983955)
bones/16/rotation = Quaternion(-0.117891, -0.0217994, 0.192005, 0.974043)
bones/17/rotation = Quaternion(0.679066, -0.0192621, 0.0224015, 0.733482)
bones/18/rotation = Quaternion(0.471576, -0.00100212, -0.0683711, 0.879171)
bones/19/rotation = Quaternion(0.398259, 0.00154179, -0.0560451, 0.915558)
bones/20/rotation = Quaternion(0.681549, -0.00137829, -0.0659429, 0.728794)
bones/21/rotation = Quaternion(0.478394, 6.03598e-05, -0.0694952, 0.875391)
bones/22/rotation = Quaternion(0.403027, 0.000677379, -0.0548567, 0.913542)
bones/23/rotation = Quaternion(0.680603, 0.0215594, -0.0992929, 0.725573)
bones/24/rotation = Quaternion(0.489762, 0.000293417, -0.0728974, 0.868803)
bones/25/rotation = Quaternion(0.401366, -0.000551373, -0.0609928, 0.913885)
bones/26/rotation = Quaternion(0.695117, 0.0400961, -0.215995, 0.684508)
bones/27/rotation = Quaternion(0.494813, -0.000402852, -0.0774602, 0.86554)
bones/28/rotation = Quaternion(0.413259, 0.000823286, -0.0637665, 0.908378)
bones/29/rotation = Quaternion(0.613205, -0.378945, 0.569389, 0.395192)
bones/30/rotation = Quaternion(0.244461, -0.216517, -0.0653661, 0.942914)
bones/31/rotation = Quaternion(0.0743065, 0.00218696, -0.644792, 0.760735)
bones/32/rotation = Quaternion(-0.0373281, 0.0566413, -0.0498939, 0.996448)
bones/33/rotation = Quaternion(0.161212, -0.0644022, -0.241247, 0.95481)
bones/34/rotation = Quaternion(-0.00638383, -0.0105105, 0.168295, 0.98566)
bones/35/rotation = Quaternion(-0.139237, -0.0179416, 0.0126581, 0.990016)
bones/36/rotation = Quaternion(0.445105, -0.0112171, 0.000395012, 0.895408)
bones/37/rotation = Quaternion(0.411218, 0.000280958, 0.0440254, 0.910473)
bones/38/rotation = Quaternion(0.400399, -0.00088445, 0.0400356, 0.915466)
bones/39/rotation = Quaternion(0.479986, -0.00683699, 0.031845, 0.876671)
bones/40/rotation = Quaternion(0.218557, 3.04082e-05, 0.0264288, 0.975466)
bones/41/rotation = Quaternion(0.206743, -0.000595274, 0.0192154, 0.978206)
bones/42/rotation = Quaternion(0.516224, -0.0199761, 0.065354, 0.853723)
bones/43/rotation = Quaternion(0.49081, -0.000359925, 0.0559764, 0.869467)
bones/44/rotation = Quaternion(0.477102, -0.000304389, 0.050603, 0.87739)
bones/45/rotation = Quaternion(0.529591, -0.000402999, 0.108579, 0.841275)
bones/46/rotation = Quaternion(0.5171, 0.000107495, 0.0616959, 0.853699)
bones/47/rotation = Quaternion(0.505772, -0.00102761, 0.0573964, 0.860755)
bones/48/rotation = Quaternion(-0.0383041, -0.464825, -0.884524, -0.00936331)
bones/49/rotation = Quaternion(-0.746166, 0.0468067, -0.0398986, 0.662913)
bones/50/rotation = Quaternion(0.471794, -0.0495622, 0.102929, 0.874276)
bones/51/rotation = Quaternion(0.270471, -0.0550785, 0.0168975, 0.961003)

[node name="BoneAttachment3D" parent="Node2/Skeleton3D" index="0"]
transform = Transform3D(-0.980787, -0.194183, -0.0187378, -0.0173515, -0.00883785, 0.999811, -0.194312, 0.980926, 0.00529841, 0.0289552, 0.753601, 217.918)
bone_idx = 4

[node name="BoneAttachment3D2" parent="Node2/Skeleton3D" index="1"]
transform = Transform3D(0.985711, -0.155565, 0.064604, 0.166821, 0.954701, -0.246408, -0.0233451, 0.253664, 0.967011, -4.7915, 137.09, 240.71)
bone_idx = 9

[node name="BoneAttachment3D3" parent="Node2/Skeleton3D" index="2"]
transform = Transform3D(0.143145, -0.340397, -0.929322, -0.97748, -0.195735, -0.0788678, -0.155055, 0.919683, -0.36075, 15.9275, 84.862, 242.914)
bone_idx = 16

[node name="BoneAttachment3D4" parent="Node2/Skeleton3D" index="3"]
transform = Transform3D(0.286392, 0.500185, 0.817187, -0.820764, 0.568099, -0.0600767, -0.494293, -0.653512, 0.573233, 14.1715, 84.0001, 239.43)
bone_idx = 19

[node name="BoneAttachment3D5" parent="Node2/Skeleton3D" index="4"]
transform = Transform3D(0.443743, 0.511442, 0.735879, -0.748847, 0.662682, -0.00900665, -0.49226, -0.547064, 0.677053, 15.1565, 81.5795, 237.896)
bone_idx = 22

[node name="BoneAttachment3D6" parent="Node2/Skeleton3D" index="5"]
transform = Transform3D(0.511524, 0.531246, 0.675366, -0.73672, 0.675678, 0.0265031, -0.44225, -0.511113, 0.737006, 16.6513, 79.4401, 237.042)
bone_idx = 25

[node name="BoneAttachment3D7" parent="Node2/Skeleton3D" index="6"]
transform = Transform3D(0.679362, 0.541278, 0.495465, -0.622376, 0.782717, -0.00171345, -0.388736, -0.307201, 0.868626, 18.1105, 78.8049, 234.731)
bone_idx = 28

[node name="BoneAttachment3D8" parent="Node2/Skeleton3D" index="7"]
transform = Transform3D(0.460086, 0.560349, 0.688716, 0.87162, -0.432797, -0.230142, 0.169115, 0.706184, -0.687535, -12.5112, 84.5991, 249.465)
bone_idx = 35

[node name="BoneAttachment3D9" parent="Node2/Skeleton3D" index="8"]
transform = Transform3D(0.498042, -0.0715254, -0.864198, 0.818425, 0.368142, 0.441193, 0.286591, -0.927014, 0.241888, -10.6126, 80.9115, 249.516)
bone_idx = 38

[node name="BoneAttachment3D10" parent="Node2/Skeleton3D" index="9"]
transform = Transform3D(0.517845, 0.556247, -0.649943, 0.767148, 0.0342646, 0.640554, 0.378576, -0.83031, -0.40898, -10.8703, 78.057, 248.406)
bone_idx = 41

[node name="BoneAttachment3D11" parent="Node2/Skeleton3D" index="10"]
transform = Transform3D(0.577885, -0.484673, -0.656613, 0.778858, 0.56785, 0.266319, 0.24378, -0.66531, 0.705644, -13.9233, 77.5242, 246.738)
bone_idx = 44

[node name="BoneAttachment3D12" parent="Node2/Skeleton3D" index="11"]
transform = Transform3D(0.619477, -0.557287, -0.552882, 0.736368, 0.656595, 0.163237, 0.272049, -0.508246, 0.817114, -15.8346, 76.5698, 245.525)
bone_idx = 47

[node name="BoneAttachment3D13" parent="Node2/Skeleton3D" index="12"]
transform = Transform3D(-0.986516, 0.148157, -0.0695379, -0.163231, -0.859771, 0.48389, 0.0119051, 0.488716, 0.872362, 13.0628, 9.37603, 208.734)
bone_idx = 51

[node name="NavigationAgent3D" type="NavigationAgent3D" parent="." index="2"]

[node name="AnimationTree" type="AnimationTree" parent="." index="3"]
tree_root = SubResource("AnimationRootNode_nx5eo")
anim_player = NodePath("../AnimationPlayer")
root_motion_track = NodePath("Node2/Skeleton3D:mixamorig1Hips")

[node name="RootMotionView" type="RootMotionView" parent="AnimationTree" index="0"]
transform = Transform3D(0.1, 0, 0, 0, 0.1, 0, 0, 0, 0.1, 0, 0, 0)
