{
  "asset": {
    "version": "2.0",
    "generator": "GLTFExporter"
  },
  "scenes": [
    {
      "name": "AuxScene",
      "nodes": [
        26
      ]
    }
  ],
  "scene": 0,
  "nodes": [
    {
      "rotation": [
        -0.6768512788157891,
        -0.13396159982542294,
        0.12724926395277283,
        0.7125547424311495
      ],
      "translation": [
        88.17610931396484,
        50.37754821777344,
        21.618070602416992
      ],
      "scale": [
        7.9809513092041025,
        1.8649897575378418,
        7.980951309204101
      ],
      "name": "Imp",
      "extras": {
        "transformData": {
          "inheritType": 1,
          "eulerOrder": "ZYX",
          "translation": [
            88.17610931396484,
            50.37754821777344,
            21.618070602416992
          ],
          "rotation": [
            -87.25668434509923,
            -1.0687596133498574,
            21.26926542448036
          ],
          "scale": [
            7.980951309204102,
            1.8649897575378418,
            7.980951309204102
          ],
          "parentMatrixWorld": {
            "elements": [
              1,
              0,
              0,
              0,
              0,
              1,
              0,
              0,
              0,
              0,
              1,
              0,
              13.529526711704875,
              4.473789841836222,
              -11.94401725536477,
              1
            ]
          }
        }
      },
      "mesh": 0,
      "skin": 0
    },
    {
      "translation": [
        0,
        77.03770446777344,
        12.163994789123535
      ],
      "name": "mixamorigHeadTop_End",
      "extras": {
        "transformData": {
          "eulerOrder": "ZYX",
          "translation": [
            0,
            77.03770446777344,
            12.163994789123535
          ],
          "parentMatrixWorld": {
            "elements": [
              0.963507596245107,
              0.024482319802291704,
              -0.26655905232208443,
              0,
              -0.024440712910228247,
              0.9996952447413631,
              0.0034740750017189822,
              0,
              0.26656287046434135,
              0.0031675955827854423,
              0.9638123275849074,
              0,
              0,
              16.107276916503906,
              2.5432854890823364,
              1
            ]
          }
        }
      }
    },
    {
      "rotation": [
        0.00007732857895919795,
        0.1345133087387162,
        0.012343891185900163,
        0.9908348991362301
      ],
      "translation": [
        0,
        16.107276916503906,
        2.5432854890823364
      ],
      "name": "mixamorigHead",
      "extras": {
        "transformData": {
          "eulerOrder": "ZYX",
          "translation": [
            0,
            16.107276916503906,
            2.5432854890823364
          ],
          "parentMatrixWorld": {
            "elements": [
              0.9959161753844663,
              -0.06763069101954626,
              0.0598085383187303,
              0,
              0.06570898617460134,
              0.9972751073353268,
              0.03353638972687286,
              0,
              -0.0619136556787791,
              -0.029469474583462087,
              0.9976463548359716,
              0,
              0,
              43.098690763106305,
              -8.770291148874065e-8,
              1
            ]
          }
        }
      },
      "children": [
        1
      ]
    },
    {
      "rotation": [
        0.015769537193335237,
        -0.03046546042196318,
        -0.03337316330593556,
        0.99885404907386
      ],
      "translation": [
        0,
        43.098690763106305,
        -8.770291148874065e-8
      ],
      "name": "mixamorigNeck",
      "extras": {
        "transformData": {
          "eulerOrder": "ZYX",
          "translation": [
            0,
            43.098690763106305,
            -8.770291148874065e-8
          ],
          "preRotation": [
            0.23020388738755485,
            0,
            0
          ],
          "parentMatrixWorld": {
            "elements": [
              0.9625048373644054,
              -0.07981558204059507,
              -0.2592564537079669,
              0,
              0.10088109764381299,
              0.9925049116507791,
              0.06897103785358058,
              0,
              0.2518083399410941,
              -0.09253903386107731,
              0.9633426623332059,
              0,
              0,
              38.309962501798736,
              0,
              1
            ]
          }
        }
      },
      "children": [
        2
      ]
    },
    {
      "rotation": [
        -4.475722093291724e-17,
        -1.0842021724855047e-17,
        1.9949319973733285e-17,
        1
      ],
      "translation": [
        1.1102230246251565e-16,
        73.57085855082717,
        -1.4210854715202004e-14
      ],
      "name": "mixamorigLeftHand",
      "extras": {
        "transformData": {
          "eulerOrder": "ZYX",
          "translation": [
            1.1102230246251565e-16,
            73.57085855082717,
            -1.4210854715202004e-14
          ],
          "preRotation": [
            -5.128799724381478e-15,
            -1.2424041724466865e-15,
            2.286023677301903e-15
          ],
          "parentMatrixWorld": {
            "elements": [
              0.7903323124806464,
              0.4911073859300282,
              -0.3663173124904233,
              0,
              -0.39047085003248677,
              0.8644858094675143,
              0.31653878413088976,
              0,
              0.4721306527012828,
              -0.1071345979090285,
              0.8749941862438447,
              0,
              0,
              71.74186979463047,
              -1.4210854715202004e-14,
              1
            ]
          }
        }
      }
    },
    {
      "rotation": [
        0.11275229129521858,
        0.223136343265179,
        0.23461461180821835,
        0.939389739164185
      ],
      "translation": [
        0,
        71.74186979463047,
        -1.4210854715202004e-14
      ],
      "scale": [
        0.9999999999999999,
        0.9999999999999999,
        1
      ],
      "name": "mixamorigLeftForeArm",
      "extras": {
        "transformData": {
          "eulerOrder": "ZYX",
          "translation": [
            0,
            71.74186979463047,
            -1.4210854715202004e-14
          ],
          "preRotation": [
            7.39914208809745,
            0,
            -0.44961019228525406
          ],
          "parentMatrixWorld": {
            "elements": [
              0.9345437136690573,
              -0.3389067215362332,
              -0.10849091130283434,
              0,
              0.2849228737184441,
              0.5300030574619118,
              0.7986962438587075,
              0,
              -0.21318301942176565,
              -0.777328095478059,
              0.5918733060069188,
              0,
              -1.1102230246251565e-16,
              47.7291188039939,
              0,
              1
            ]
          }
        }
      },
      "children": [
        4
      ]
    },
    {
      "rotation": [
        0.4507403216376994,
        -0.029941767591174562,
        -0.17841421949773906,
        0.8741309927690246
      ],
      "translation": [
        -1.1102230246251565e-16,
        47.7291188039939,
        0
      ],
      "name": "mixamorigLeftArm",
      "extras": {
        "transformData": {
          "eulerOrder": "ZYX",
          "translation": [
            -1.1102230246251565e-16,
            47.7291188039939,
            0
          ],
          "preRotation": [
            48.845231626830056,
            0.4098046234670883,
            4.96974380882461e-17
          ],
          "parentMatrixWorld": {
            "elements": [
              -0.10277240105932073,
              0.004178773625244492,
              -0.9946961039538578,
              0,
              0.9850996518944882,
              -0.1382055091937264,
              -0.10236151532875919,
              0,
              -0.13790024368126713,
              -0.9903947404111306,
              0.010087221846860839,
              0,
              22.50851821899414,
              35.4932896083379,
              0.07233671085239823,
              1
            ]
          }
        }
      },
      "children": [
        5
      ]
    },
    {
      "rotation": [
        0.5062968216095043,
        0.4884873770167284,
        -0.5592551144379254,
        0.43849437088076965
      ],
      "translation": [
        22.50851821899414,
        35.4932896083379,
        0.07233671085239823
      ],
      "scale": [
        1,
        0.9999999999999999,
        1
      ],
      "name": "mixamorigLeftShoulder",
      "extras": {
        "transformData": {
          "eulerOrder": "ZYX",
          "translation": [
            22.50851821899414,
            35.4932896083379,
            0.07233671085239823
          ],
          "preRotation": [
            109.07103305566504,
            89.81716451512838,
            0.2583414155566113
          ],
          "parentMatrixWorld": {
            "elements": [
              0.9625048373644054,
              -0.07981558204059507,
              -0.2592564537079669,
              0,
              0.10088109764381299,
              0.9925049116507791,
              0.06897103785358058,
              0,
              0.2518083399410941,
              -0.09253903386107731,
              0.9633426623332059,
              0,
              0,
              38.309962501798736,
              0,
              1
            ]
          }
        }
      },
      "children": [
        6
      ]
    },
    {
      "rotation": [
        5.977003289005244e-17,
        1.2576745200831845e-17,
        9.107298248878231e-18,
        1
      ],
      "translation": [
        1.1102230246251565e-16,
        73.56849338024146,
        0
      ],
      "name": "mixamorigRightHand",
      "extras": {
        "transformData": {
          "eulerOrder": "ZYX",
          "translation": [
            1.1102230246251565e-16,
            73.56849338024146,
            0
          ],
          "preRotation": [
            6.849141251916246e-15,
            1.4411888400381553e-15,
            1.0436195048552159e-15
          ],
          "parentMatrixWorld": {
            "elements": [
              0.31979003053021593,
              -0.8926712233943571,
              -0.3176041416193919,
              0,
              0.8152525638633158,
              0.4300468854809092,
              -0.387843919832356,
              0,
              0.4828017822714194,
              -0.1348989842817896,
              0.8652772368632474,
              0,
              -1.1102230246251565e-16,
              71.74187933044514,
              1.4210854715202004e-14,
              1
            ]
          }
        }
      }
    },
    {
      "rotation": [
        -0.07820790910460912,
        0.2474770787807659,
        -0.5280720407416308,
        0.8085657142816366
      ],
      "translation": [
        -1.1102230246251565e-16,
        71.74187933044514,
        1.4210854715202004e-14
      ],
      "scale": [
        1,
        1,
        0.9999999999999999
      ],
      "name": "mixamorigRightForeArm",
      "extras": {
        "transformData": {
          "eulerOrder": "ZYX",
          "translation": [
            -1.1102230246251565e-16,
            71.74187933044514,
            1.4210854715202004e-14
          ],
          "preRotation": [
            7.394560298120617,
            -4.969616689786745e-17,
            0.3272491479693397
          ],
          "parentMatrixWorld": {
            "elements": [
              0.8141406139066595,
              -0.5806630517116744,
              -0.002340968560006665,
              0,
              0.5674069110045614,
              0.7946847448018557,
              0.21569782702845025,
              0,
              -0.12338742683586286,
              -0.1769366429471826,
              0.9764573555208843,
              0,
              0,
              47.729118804058146,
              -1.4210854715202004e-14,
              1
            ]
          }
        }
      },
      "children": [
        8
      ]
    },
    {
      "rotation": [
        0.10368041471743772,
        -0.03196394599510497,
        -0.3031633210055139,
        0.9467421379575094
      ],
      "translation": [
        0,
        47.729118804058146,
        -1.4210854715202004e-14
      ],
      "name": "mixamorigRightArm",
      "extras": {
        "transformData": {
          "eulerOrder": "ZYX",
          "translation": [
            0,
            47.729118804058146,
            -1.4210854715202004e-14
          ],
          "preRotation": [
            48.84530980318221,
            -0.05910504706838215,
            4.969619334002933e-17
          ],
          "parentMatrixWorld": {
            "elements": [
              0.517280153883222,
              -0.08154662881354828,
              0.8519221681859276,
              0,
              -0.8503787747551166,
              -0.16100920798914298,
              0.5009310856269666,
              0,
              0.09631808118652224,
              -0.9835782431665363,
              -0.1526323855617795,
              0,
              -22.50851821899414,
              35.49411641822739,
              -0.13344809475896513,
              1
            ]
          }
        }
      },
      "children": [
        9
      ]
    },
    {
      "rotation": [
        0.6765577853062783,
        -0.3443628259878723,
        0.35039144843451203,
        0.5485523044130902
      ],
      "translation": [
        -22.50851821899414,
        35.49411641822739,
        -0.13344809475896513
      ],
      "scale": [
        0.9999999999999999,
        1,
        1
      ],
      "name": "mixamorigRightShoulder",
      "extras": {
        "transformData": {
          "eulerOrder": "ZYX",
          "translation": [
            -22.50851821899414,
            35.49411641822739,
            -0.13344809475896513
          ],
          "preRotation": [
            -71.16316377552225,
            -89.66055494194114,
            179.97375585333504
          ],
          "parentMatrixWorld": {
            "elements": [
              0.9625048373644054,
              -0.07981558204059507,
              -0.2592564537079669,
              0,
              0.10088109764381299,
              0.9925049116507791,
              0.06897103785358058,
              0,
              0.2518083399410941,
              -0.09253903386107731,
              0.9633426623332059,
              0,
              0,
              38.309962501798736,
              0,
              1
            ]
          }
        }
      },
      "children": [
        10
      ]
    },
    {
      "rotation": [
        0.040796027320133585,
        0.1290904837247579,
        -0.04564239618496508,
        0.9897414180016845
      ],
      "translation": [
        0,
        38.309962501798736,
        0
      ],
      "name": "mixamorigSpine2",
      "extras": {
        "transformData": {
          "eulerOrder": "ZYX",
          "translation": [
            0,
            38.309962501798736,
            0
          ],
          "parentMatrixWorld": {
            "elements": [
              0.9619693276949492,
              -0.10889905993885371,
              -0.2505114871156378,
              0,
              0.1718556358184886,
              0.9541282277195993,
              0.24516313532592937,
              0,
              0.21232204518108205,
              -0.2788912283128512,
              0.9365570075161043,
              0,
              0,
              33.5212067892263,
              0,
              1
            ]
          }
        }
      },
      "children": [
        3,
        7,
        11
      ]
    },
    {
      "rotation": [
        0.13349540484530328,
        0.11790026771443934,
        -0.07151827057045584,
        0.9814089935268999
      ],
      "translation": [
        0,
        33.5212067892263,
        0
      ],
      "name": "mixamorigSpine1",
      "extras": {
        "transformData": {
          "eulerOrder": "ZYX",
          "translation": [
            0,
            33.5212067892263,
            0
          ],
          "preRotation": [
            5.967087017112179e-8,
            0,
            0
          ],
          "parentMatrixWorld": {
            "elements": [
              0.9962623867010131,
              -0.000023327894963639725,
              -0.08637856355013111,
              0,
              0.023413780334429556,
              0.9626353291765365,
              0.26978698507443133,
              0,
              0.08314476336863195,
              -0.2708010743717788,
              0.9590379167634583,
              0,
              0,
              28.732234954833984,
              -0.11544144153594971,
              1
            ]
          }
        }
      },
      "children": [
        12
      ]
    },
    {
      "rotation": [
        0.13655506285105137,
        0.042822382325324794,
        -0.005920322751098675,
        0.989688789561507
      ],
      "translation": [
        0,
        28.732234954833984,
        -0.11544144153594971
      ],
      "name": "mixamorigSpine",
      "extras": {
        "transformData": {
          "eulerOrder": "ZYX",
          "translation": [
            0,
            28.732234954833984,
            -0.11544144153594971
          ],
          "preRotation": [
            -0.23020394705842498,
            0,
            0
          ],
          "parentMatrixWorld": {
            "elements": [
              0.9094531056025364,
              0.03904410731502888,
              -0.4139693261490856,
              0,
              0.08505387526941827,
              0.9570627041035862,
              0.2771223865056268,
              0,
              0.40701459876767293,
              -0.28723951066121156,
              0.8670827958804395,
              0,
              -1.8716528526253695,
              130.20288016765159,
              19.343376767947962,
              1
            ]
          }
        }
      },
      "children": [
        13
      ]
    },
    {
      "rotation": [
        3.805549625424118e-17,
        -6.493523980240916e-17,
        2.4711427750688347e-33,
        1
      ],
      "translation": [
        0,
        19.05259473642286,
        0
      ],
      "name": "mixamorigLeftToe_End",
      "extras": {
        "transformData": {
          "eulerOrder": "ZYX",
          "translation": [
            0,
            19.05259473642286,
            0
          ],
          "preRotation": [
            4.360838645287866e-15,
            -7.441030364695925e-15,
            0
          ],
          "parentMatrixWorld": {
            "elements": [
              0.9962259577703899,
              -0.05023224249470096,
              -0.07078532954237654,
              0,
              0.08274526409841187,
              0.7959033806201248,
              0.5997424697207467,
              0,
              0.026211873907703687,
              -0.6033361671004072,
              0.7970560878224545,
              0,
              0,
              44.0044149577232,
              -2.842170943040401e-14,
              1
            ]
          }
        }
      }
    },
    {
      "rotation": [
        0.31751633396087303,
        0.025599487432761046,
        -0.03509540365895441,
        0.9472572810769218
      ],
      "translation": [
        0,
        44.0044149577232,
        -2.842170943040401e-14
      ],
      "name": "mixamorigLeftToeBase",
      "extras": {
        "transformData": {
          "eulerOrder": "ZYX",
          "translation": [
            0,
            44.0044149577232,
            -2.842170943040401e-14
          ],
          "preRotation": [
            36.12945714260573,
            0.9822980542574927,
            -9.940694269137023e-17
          ],
          "parentMatrixWorld": {
            "elements": [
              0.9714390545033326,
              -0.1560097428556449,
              0.1787935182290275,
              0,
              0.006130315094739103,
              0.7697325061561064,
              0.6383371188065087,
              0,
              -0.2372099940209882,
              -0.6190095460842838,
              0.7487046070615531,
              0,
              0,
              50.38836329368671,
              -4.440892098500626e-16,
              1
            ]
          }
        }
      },
      "children": [
        15
      ]
    },
    {
      "rotation": [
        0.3365270944833688,
        -0.1113427642364119,
        -0.04339656208190364,
        0.9340605002555973
      ],
      "translation": [
        0,
        50.38836329368671,
        -4.440892098500626e-16
      ],
      "name": "mixamorigLeftFoot",
      "extras": {
        "transformData": {
          "eulerOrder": "ZYX",
          "translation": [
            0,
            50.38836329368671,
            -4.440892098500626e-16
          ],
          "preRotation": [
            51.95332745465788,
            0.4602891281907769,
            8.666048746468046e-16
          ],
          "parentMatrixWorld": {
            "elements": [
              0.8588300577544794,
              -0.18011879354837484,
              -0.4795499409184372,
              0,
              -0.1411708318976811,
              0.8166738527051876,
              -0.5595664450111596,
              0,
              0.4924243310860212,
              0.5482709461313707,
              0.6759565321697955,
              0,
              0,
              70.13468348235173,
              0,
              1
            ]
          }
        }
      },
      "children": [
        16
      ]
    },
    {
      "rotation": [
        -0.3025721702666557,
        0.265465281525152,
        -0.010637453996709092,
        0.9153497082747212
      ],
      "translation": [
        0,
        70.13468348235173,
        0
      ],
      "name": "mixamorigLeftLeg",
      "extras": {
        "transformData": {
          "eulerOrder": "ZYX",
          "translation": [
            0,
            70.13468348235173,
            0
          ],
          "preRotation": [
            2.7827239872143914,
            -1.8636062586700294e-17,
            -0.10185379826934471
          ],
          "parentMatrixWorld": {
            "elements": [
              -0.9529515501956295,
              -0.027858342353266796,
              -0.30183969303026476,
              0,
              -0.27290884126701054,
              -0.35452513706764854,
              0.8943336363375938,
              0,
              -0.13192441732133575,
              0.9346313719792707,
              0.33024252846862945,
              0,
              31.389204025268555,
              -15.98040771484375,
              -0.04939371347427368,
              1
            ]
          }
        }
      },
      "children": [
        17
      ]
    },
    {
      "rotation": [
        0.13353937472089414,
        -0.5630683539010498,
        -0.8120528332152883,
        -0.07544167352494689
      ],
      "translation": [
        31.389204025268555,
        -15.98040771484375,
        -0.04939371347427368
      ],
      "scale": [
        0.9999999999999999,
        1,
        1
      ],
      "name": "mixamorigLeftUpLeg",
      "extras": {
        "transformData": {
          "eulerOrder": "ZYX",
          "translation": [
            31.389204025268555,
            -15.98040771484375,
            -0.04939371347427368
          ],
          "preRotation": [
            -0.9469221775164148,
            0.057621362683361946,
            -176.5180930360727
          ],
          "parentMatrixWorld": {
            "elements": [
              0.9094531056025364,
              0.03904410731502888,
              -0.4139693261490856,
              0,
              0.08505387526941827,
              0.9570627041035862,
              0.2771223865056268,
              0,
              0.40701459876767293,
              -0.28723951066121156,
              0.8670827958804395,
              0,
              -1.8716528526253695,
              130.20288016765159,
              19.343376767947962,
              1
            ]
          }
        }
      },
      "children": [
        18
      ]
    },
    {
      "rotation": [
        2.786399583287745e-17,
        -1.6217292808130834e-17,
        4.518785792263111e-34,
        1
      ],
      "translation": [
        7.105427357601002e-15,
        18.986087844135916,
        0
      ],
      "name": "mixamorigRightToe_End",
      "extras": {
        "transformData": {
          "eulerOrder": "ZYX",
          "translation": [
            7.105427357601002e-15,
            18.986087844135916,
            0
          ],
          "preRotation": [
            3.192978723187982e-15,
            -1.8583648660675197e-15,
            0
          ],
          "parentMatrixWorld": {
            "elements": [
              0.9379734062101842,
              0.15129678211122322,
              -0.31195380181077204,
              0,
              0.13994196843931747,
              0.6579989232683953,
              0.7399011222533685,
              0,
              0.3172099245148779,
              -0.7376630050133015,
              0.5960127218330233,
              0,
              1.0658141036401503e-14,
              44.101679034620105,
              2.842170943040401e-14,
              1
            ]
          }
        }
      }
    },
    {
      "rotation": [
        0.4135099034813936,
        0.1760772523817228,
        0.0031777489848814886,
        0.8933063723666989
      ],
      "translation": [
        1.0658141036401503e-14,
        44.101679034620105,
        2.842170943040401e-14
      ],
      "scale": [
        0.9999999999999999,
        1,
        1
      ],
      "name": "mixamorigRightToeBase",
      "extras": {
        "transformData": {
          "eulerOrder": "ZYX",
          "translation": [
            1.0658141036401503e-14,
            44.101679034620105,
            2.842170943040401e-14
          ],
          "preRotation": [
            36.03674626556206,
            -1.0030280502801072,
            -9.940756587688576e-17
          ],
          "parentMatrixWorld": {
            "elements": [
              0.9368744172378705,
              0.3373532555541201,
              0.09197341565416071,
              0,
              -0.10930627999138402,
              0.03270586956640364,
              0.9934699252045083,
              0,
              0.3321422366614966,
              -0.9408098299329376,
              0.06751612042800403,
              0,
              1.0658141036401503e-14,
              50.370829290122884,
              4.440892098500626e-16,
              1
            ]
          }
        }
      },
      "children": [
        20
      ]
    },
    {
      "rotation": [
        0.677615751595892,
        0.08413580079331444,
        0.15647350704171134,
        0.7136344420056322
      ],
      "translation": [
        1.0658141036401503e-14,
        50.370829290122884,
        4.440892098500626e-16
      ],
      "scale": [
        1,
        0.9999999999999999,
        1
      ],
      "name": "mixamorigRightFoot",
      "extras": {
        "transformData": {
          "eulerOrder": "ZYX",
          "translation": [
            1.0658141036401503e-14,
            50.370829290122884,
            4.440892098500626e-16
          ],
          "preRotation": [
            52.84345072953311,
            -0.4946449779555935,
            -1.2579811041451311e-16
          ],
          "parentMatrixWorld": {
            "elements": [
              0.9937621604953057,
              -0.11124485593007241,
              0.007832642034143775,
              0,
              0.09784051785479514,
              0.8360038041362475,
              -0.5399304302383544,
              0,
              0.053516364955433174,
              0.5373287805995194,
              0.8416732010039111,
              0,
              0,
              70.1257376283064,
              0,
              1
            ]
          }
        }
      },
      "children": [
        21
      ]
    },
    {
      "rotation": [
        -0.28110725504473694,
        0.011921017542880588,
        -0.05456014198193989,
        0.9580499893772156
      ],
      "translation": [
        0,
        70.1257376283064,
        0
      ],
      "name": "mixamorigRightLeg",
      "extras": {
        "transformData": {
          "eulerOrder": "ZYX",
          "translation": [
            0,
            70.1257376283064,
            0
          ],
          "preRotation": [
            1.2781962724143625,
            0,
            0.10425490307646075
          ],
          "parentMatrixWorld": {
            "elements": [
              -0.6540297812991221,
              0.3027558748351445,
              -0.6932415930656017,
              0,
              -0.01608336171797217,
              -0.9217760657540507,
              -0.3873889362401808,
              0,
              -0.7562977929223224,
              -0.24221424957722099,
              0.6077383492917835,
              0,
              -31.389204025268555,
              -15.98040771484375,
              -0.4541777968406677,
              1
            ]
          }
        }
      },
      "children": [
        22
      ]
    },
    {
      "rotation": [
        -0.4062043621021151,
        -0.1764336746863308,
        0.8921244582939306,
        0.08934830605441935
      ],
      "translation": [
        -31.389204025268555,
        -15.98040771484375,
        -0.4541777968406677
      ],
      "scale": [
        0.9999999999999998,
        0.9999999999999999,
        1
      ],
      "name": "mixamorigRightUpLeg",
      "extras": {
        "transformData": {
          "eulerOrder": "ZYX",
          "translation": [
            -31.389204025268555,
            -15.98040771484375,
            -0.4541777968406677
          ],
          "preRotation": [
            -0.24288911103958052,
            -0.01478262240428024,
            176.51720348652026
          ],
          "parentMatrixWorld": {
            "elements": [
              0.9094531056025364,
              0.03904410731502888,
              -0.4139693261490856,
              0,
              0.08505387526941827,
              0.9570627041035862,
              0.2771223865056268,
              0,
              0.40701459876767293,
              -0.28723951066121156,
              0.8670827958804395,
              0,
              -1.8716528526253695,
              130.20288016765159,
              19.343376767947962,
              1
            ]
          }
        }
      },
      "children": [
        23
      ]
    },
    {
      "rotation": [
        0.14603732880543824,
        0.2124422289827344,
        -0.011905735742876957,
        0.9661260956072457
      ],
      "translation": [
        -1.8716528526253695,
        130.20288016765159,
        19.343376767947962
      ],
      "name": "mixamorigHips",
      "extras": {
        "transformData": {
          "eulerOrder": "ZYX",
          "translation": [
            0.00000762939453125,
            -28.65908432006836,
            1.019065499305725
          ],
          "parentMatrixWorld": {
            "elements": [
              1,
              0,
              0,
              0,
              0,
              1,
              0,
              0,
              0,
              0,
              1,
              0,
              13.529526711704875,
              4.473789841836222,
              -11.94401725536477,
              1
            ]
          }
        }
      },
      "children": [
        14,
        19,
        24
      ]
    },
    {
      "translation": [
        13.529526711704875,
        4.473789841836222,
        -11.94401725536477
      ],
      "children": [
        0,
        25
      ]
    }
  ],
  "bufferViews": [
    {
      "buffer": 0,
      "byteOffset": 0,
      "byteLength": 73296,
      "target": 34962,
      "byteStride": 12
    },
    {
      "buffer": 0,
      "byteOffset": 73296,
      "byteLength": 48864,
      "target": 34962,
      "byteStride": 8
    },
    {
      "buffer": 0,
      "byteOffset": 122160,
      "byteLength": 97728,
      "target": 34962,
      "byteStride": 16
    },
    {
      "buffer": 0,
      "byteOffset": 219888,
      "byteLength": 73296,
      "target": 34962,
      "byteStride": 12
    },
    {
      "buffer": 0,
      "byteOffset": 293184,
      "byteLength": 48864,
      "target": 34962,
      "byteStride": 8
    },
    {
      "buffer": 0,
      "byteOffset": 342048,
      "byteLength": 1408
    },
    {
      "buffer": 0,
      "byteOffset": 343456,
      "byteLength": 120
    },
    {
      "buffer": 0,
      "byteOffset": 343576,
      "byteLength": 360
    },
    {
      "buffer": 0,
      "byteOffset": 343936,
      "byteLength": 120
    },
    {
      "buffer": 0,
      "byteOffset": 344056,
      "byteLength": 480
    },
    {
      "buffer": 0,
      "byteOffset": 344536,
      "byteLength": 120
    },
    {
      "buffer": 0,
      "byteOffset": 344656,
      "byteLength": 480
    },
    {
      "buffer": 0,
      "byteOffset": 345136,
      "byteLength": 120
    },
    {
      "buffer": 0,
      "byteOffset": 345256,
      "byteLength": 480
    },
    {
      "buffer": 0,
      "byteOffset": 345736,
      "byteLength": 120
    },
    {
      "buffer": 0,
      "byteOffset": 345856,
      "byteLength": 480
    },
    {
      "buffer": 0,
      "byteOffset": 346336,
      "byteLength": 120
    },
    {
      "buffer": 0,
      "byteOffset": 346456,
      "byteLength": 480
    },
    {
      "buffer": 0,
      "byteOffset": 346936,
      "byteLength": 120
    },
    {
      "buffer": 0,
      "byteOffset": 347056,
      "byteLength": 480
    },
    {
      "buffer": 0,
      "byteOffset": 347536,
      "byteLength": 120
    },
    {
      "buffer": 0,
      "byteOffset": 347656,
      "byteLength": 480
    },
    {
      "buffer": 0,
      "byteOffset": 348136,
      "byteLength": 120
    },
    {
      "buffer": 0,
      "byteOffset": 348256,
      "byteLength": 480
    },
    {
      "buffer": 0,
      "byteOffset": 348736,
      "byteLength": 120
    },
    {
      "buffer": 0,
      "byteOffset": 348856,
      "byteLength": 480
    },
    {
      "buffer": 0,
      "byteOffset": 349336,
      "byteLength": 120
    },
    {
      "buffer": 0,
      "byteOffset": 349456,
      "byteLength": 480
    },
    {
      "buffer": 0,
      "byteOffset": 349936,
      "byteLength": 120
    },
    {
      "buffer": 0,
      "byteOffset": 350056,
      "byteLength": 480
    },
    {
      "buffer": 0,
      "byteOffset": 350536,
      "byteLength": 120
    },
    {
      "buffer": 0,
      "byteOffset": 350656,
      "byteLength": 480
    },
    {
      "buffer": 0,
      "byteOffset": 351136,
      "byteLength": 120
    },
    {
      "buffer": 0,
      "byteOffset": 351256,
      "byteLength": 480
    },
    {
      "buffer": 0,
      "byteOffset": 351736,
      "byteLength": 120
    },
    {
      "buffer": 0,
      "byteOffset": 351856,
      "byteLength": 480
    },
    {
      "buffer": 0,
      "byteOffset": 352336,
      "byteLength": 120
    },
    {
      "buffer": 0,
      "byteOffset": 352456,
      "byteLength": 480
    },
    {
      "buffer": 0,
      "byteOffset": 352936,
      "byteLength": 120
    },
    {
      "buffer": 0,
      "byteOffset": 353056,
      "byteLength": 480
    },
    {
      "buffer": 0,
      "byteOffset": 353536,
      "byteLength": 120
    },
    {
      "buffer": 0,
      "byteOffset": 353656,
      "byteLength": 480
    },
    {
      "buffer": 0,
      "byteOffset": 354136,
      "byteLength": 120
    },
    {
      "buffer": 0,
      "byteOffset": 354256,
      "byteLength": 480
    },
    {
      "buffer": 0,
      "byteOffset": 354736,
      "byteLength": 120
    },
    {
      "buffer": 0,
      "byteOffset": 354856,
      "byteLength": 480
    },
    {
      "buffer": 0,
      "byteOffset": 355336,
      "byteLength": 120
    },
    {
      "buffer": 0,
      "byteOffset": 355456,
      "byteLength": 480
    },
    {
      "buffer": 0,
      "byteOffset": 355936,
      "byteLength": 340
    },
    {
      "buffer": 0,
      "byteOffset": 356276,
      "byteLength": 1020
    },
    {
      "buffer": 0,
      "byteOffset": 357296,
      "byteLength": 340
    },
    {
      "buffer": 0,
      "byteOffset": 357636,
      "byteLength": 1360
    },
    {
      "buffer": 0,
      "byteOffset": 358996,
      "byteLength": 340
    },
    {
      "buffer": 0,
      "byteOffset": 359336,
      "byteLength": 1360
    },
    {
      "buffer": 0,
      "byteOffset": 360696,
      "byteLength": 340
    },
    {
      "buffer": 0,
      "byteOffset": 361036,
      "byteLength": 1360
    },
    {
      "buffer": 0,
      "byteOffset": 362396,
      "byteLength": 340
    },
    {
      "buffer": 0,
      "byteOffset": 362736,
      "byteLength": 1360
    },
    {
      "buffer": 0,
      "byteOffset": 364096,
      "byteLength": 340
    },
    {
      "buffer": 0,
      "byteOffset": 364436,
      "byteLength": 1360
    },
    {
      "buffer": 0,
      "byteOffset": 365796,
      "byteLength": 340
    },
    {
      "buffer": 0,
      "byteOffset": 366136,
      "byteLength": 1360
    },
    {
      "buffer": 0,
      "byteOffset": 367496,
      "byteLength": 340
    },
    {
      "buffer": 0,
      "byteOffset": 367836,
      "byteLength": 1360
    },
    {
      "buffer": 0,
      "byteOffset": 369196,
      "byteLength": 340
    },
    {
      "buffer": 0,
      "byteOffset": 369536,
      "byteLength": 1360
    },
    {
      "buffer": 0,
      "byteOffset": 370896,
      "byteLength": 340
    },
    {
      "buffer": 0,
      "byteOffset": 371236,
      "byteLength": 1360
    },
    {
      "buffer": 0,
      "byteOffset": 372596,
      "byteLength": 340
    },
    {
      "buffer": 0,
      "byteOffset": 372936,
      "byteLength": 1360
    },
    {
      "buffer": 0,
      "byteOffset": 374296,
      "byteLength": 340
    },
    {
      "buffer": 0,
      "byteOffset": 374636,
      "byteLength": 1360
    },
    {
      "buffer": 0,
      "byteOffset": 375996,
      "byteLength": 340
    },
    {
      "buffer": 0,
      "byteOffset": 376336,
      "byteLength": 1360
    },
    {
      "buffer": 0,
      "byteOffset": 377696,
      "byteLength": 340
    },
    {
      "buffer": 0,
      "byteOffset": 378036,
      "byteLength": 1360
    },
    {
      "buffer": 0,
      "byteOffset": 379396,
      "byteLength": 340
    },
    {
      "buffer": 0,
      "byteOffset": 379736,
      "byteLength": 1360
    },
    {
      "buffer": 0,
      "byteOffset": 381096,
      "byteLength": 340
    },
    {
      "buffer": 0,
      "byteOffset": 381436,
      "byteLength": 1360
    },
    {
      "buffer": 0,
      "byteOffset": 382796,
      "byteLength": 340
    },
    {
      "buffer": 0,
      "byteOffset": 383136,
      "byteLength": 1360
    },
    {
      "buffer": 0,
      "byteOffset": 384496,
      "byteLength": 340
    },
    {
      "buffer": 0,
      "byteOffset": 384836,
      "byteLength": 1360
    },
    {
      "buffer": 0,
      "byteOffset": 386196,
      "byteLength": 340
    },
    {
      "buffer": 0,
      "byteOffset": 386536,
      "byteLength": 1360
    },
    {
      "buffer": 0,
      "byteOffset": 387896,
      "byteLength": 340
    },
    {
      "buffer": 0,
      "byteOffset": 388236,
      "byteLength": 1360
    },
    {
      "buffer": 0,
